1
2
3
4
5
6
7
8
9
10
11
12
13
15
16
17
20
27
40
48
71
77
81
88
107
127
128
129
130
131
133
134
135
136
137
132
141
142
143
144
145
146
147
148
140
152
153
154
155
156
157
158
159
151
162
165
175
176
177
178
174
182
189
190
191
193
194
195
192
198
200
201
202
203
204
205
206
207
208
209
210
211
199
215
219
223
227
231
235
239
243
247
251
263
285
289
293
297
315
324
328
337
338
339
332
354
363
429
436
452
459
460
461
462
463
464
454
581
644
648
652
658
670
679
719
728
762
770
829
830
831
832
826
896
984
993
1025
1052
1062
1070
1093
1100
1119
1123
1130
1143
1153
1168
1179
1186
1211
1219
1229
1237
1245
1296
1327
1342
1347
1354
1392
1408
1426
1431
1476
1501
1546
1607
1644
1656
